      0/24     2.15G    0.1015   0.02396         0    0.1255        10       640   0.03047     0.109   0.01364  0.002568   0.07297   0.01848         0
      1/24     3.07G   0.07387   0.02258         0   0.09645        12       640   0.09948    0.1801   0.05599  0.009655   0.05799   0.01596         0
      2/24     3.07G   0.05708   0.02004         0   0.07712         9       640    0.6519    0.7725    0.7758    0.2493   0.04487   0.01214         0
      3/24     3.07G   0.05553   0.01719         0   0.07272         5       640    0.7647    0.7867    0.8687    0.3172   0.04804  0.009944         0
      4/24     3.07G   0.04901   0.01542         0   0.06443         7       640    0.9224    0.9571     0.973    0.6329   0.02975  0.008731         0
      5/24     3.07G   0.04554   0.01352         0   0.05906         8       640    0.7056    0.8406    0.7859    0.4523   0.03676  0.007317         0
      6/24     3.07G   0.04308   0.01167         0   0.05474         6       640    0.9809    0.9713    0.9903     0.666   0.02623  0.006895         0
      7/24     3.07G   0.04035   0.01057         0   0.05091         7       640    0.9574    0.9668    0.9839     0.385   0.03865  0.005961         0
      8/24     3.07G   0.04033  0.009897         0   0.05023         6       640    0.9854    0.9573    0.9906    0.3303   0.04111  0.005721         0
      9/24     3.07G   0.04247  0.009767         0   0.05224         8       640    0.9809    0.9715    0.9928     0.483    0.0342   0.00565         0
     10/24     3.07G   0.04006  0.009243         0    0.0493         8       640    0.9672     0.981    0.9923    0.6021   0.03582  0.005472         0
     11/24     3.07G   0.03613  0.008862         0   0.04499        10       640    0.9898    0.9668    0.9939    0.6424   0.02618  0.005037         0
     12/24     3.07G   0.03336  0.008256         0   0.04161         9       640    0.9813    0.9953    0.9946    0.6611   0.02552  0.004515         0
     13/24     3.07G   0.03371  0.007924         0   0.04163         6       640    0.9999    0.9858    0.9949    0.5232   0.03139  0.004438         0
     14/24     3.07G   0.03514  0.007729         0   0.04287         3       640    0.9952    0.9905     0.995    0.6373   0.02408  0.004459         0
     15/24     3.07G   0.03408  0.007584         0   0.04166         8       640         1    0.9857    0.9949    0.6049   0.02528  0.004345         0
     16/24     3.07G   0.03023  0.007169         0    0.0374         7       640    0.9903    0.9905    0.9945    0.7172   0.02174  0.004105         0
     17/24     3.07G   0.02824  0.006831         0   0.03507         7       640         1    0.9905    0.9952    0.7347   0.02104  0.003868         0
     18/24     3.07G   0.02693  0.006662         0   0.03359         8       640    0.9905    0.9858    0.9942    0.7152   0.02179  0.003807         0
     19/24     3.07G   0.02541  0.006471         0   0.03188         8       640    0.9951     0.981    0.9949      0.74   0.02004  0.003604         0
     20/24     3.07G   0.02429  0.006274         0   0.03056         7       640    0.9904    0.9905    0.9942    0.7504   0.01868  0.003561         0
     21/24     3.07G   0.02332  0.006094         0   0.02942         8       640    0.9952    0.9858    0.9946    0.7778   0.01803  0.003521         0
     22/24     3.07G   0.02302  0.006263         0   0.02928         5       640    0.9952     0.981    0.9936    0.7582   0.01841  0.003639         0
     23/24     3.07G   0.02217  0.005926         0    0.0281        10       640    0.9858    0.9858    0.9926    0.7711   0.01754  0.003448         0
     24/24     3.08G   0.02199  0.005791         0   0.02778         5       640    0.9859    0.9953    0.9933    0.7724   0.01759  0.003371         0
