      0/59     2.15G    0.1015   0.02396         0    0.1255        10       640   0.02935   0.08531   0.01251  0.002326   0.07302   0.01847         0
      1/59     3.15G   0.07364    0.0226         0   0.09624        12       640     0.348    0.5403    0.2815   0.05607   0.05278   0.01617         0
      2/59     3.15G   0.05815   0.02006         0   0.07821         9       640    0.3261    0.4502    0.2897   0.04878   0.07672   0.01068         0
      3/59     3.15G   0.05433    0.0175         0   0.07184         5       640    0.6989     0.872    0.8556     0.318    0.0418   0.01047         0
      4/59     3.15G   0.04931   0.01558         0   0.06488         7       640    0.8915    0.9763    0.9694    0.5575   0.03722  0.008768         0
      5/59     3.15G   0.04576   0.01371         0   0.05947         8       640    0.6905    0.9431    0.8778    0.4858   0.03868  0.007561         0
      6/59     3.15G   0.04189   0.01189         0   0.05379         6       640    0.7777    0.9621    0.9032    0.4566   0.03525  0.006726         0
      7/59     3.15G   0.04065   0.01073         0   0.05138         7       640    0.9314    0.9668    0.9626    0.5236   0.03523  0.006085         0
      8/59     3.15G    0.0409   0.00987         0   0.05077         6       640    0.8502    0.9431    0.9308    0.5887   0.03151   0.00608         0
      9/59     3.16G   0.04369  0.009623         0   0.05332         8       640    0.8083    0.8057    0.8579    0.4607    0.0416  0.005619         0
     10/59     3.16G   0.04005  0.009424         0   0.04948         8       640     0.995    0.9716    0.9942    0.5483   0.03572  0.005149         0
     11/59     3.16G   0.03876  0.008873         0   0.04763        10       640    0.9811    0.9858    0.9926    0.4958   0.03056  0.004963         0
     12/59     3.16G   0.03664  0.008289         0   0.04493         9       640         1    0.9857    0.9949    0.6742   0.02708  0.004571         0
     13/59     3.16G   0.03594   0.00817         0   0.04411         6       640    0.9951    0.9716    0.9942    0.6647   0.02518  0.004741         0
     14/59     3.16G    0.0387  0.007986         0   0.04668         3       640    0.9671    0.9757    0.9862    0.6668   0.02616  0.004941         0
     15/59     3.16G   0.03676  0.007955         0   0.04472         8       640     0.995    0.9858    0.9949    0.5715   0.02956  0.004472         0
     16/59     3.16G    0.0338  0.007553         0   0.04135         7       640         1    0.9856     0.995     0.719   0.02275   0.00415         0
     17/59     3.16G   0.03422   0.00737         0   0.04159         7       640    0.9672    0.9905    0.9865    0.6926   0.02417  0.004218         0
     18/59     3.16G    0.0322  0.007103         0    0.0393         8       640    0.9951     0.981     0.995    0.6858   0.02282  0.004068         0
     19/59     3.16G   0.03054  0.006941         0   0.03748         8       640    0.9906         1    0.9934    0.7036   0.02131  0.003735         0
     20/59     3.16G   0.02933  0.006674         0   0.03601         7       640    0.9952    0.9953     0.995    0.7088   0.02138  0.003763         0
     21/59     3.16G   0.02817  0.006593         0   0.03476         8       640    0.9905    0.9905    0.9934    0.7287   0.02094  0.003783         0
     22/59     3.16G   0.02822   0.00668         0    0.0349         5       640    0.9813    0.9952    0.9917    0.7259   0.02058  0.003792         0
     23/59     3.16G    0.0265   0.00628         0   0.03278        10       640    0.9905    0.9953    0.9955     0.719   0.02129  0.003591         0
     24/59     3.16G   0.02677  0.006199         0   0.03297         5       640    0.9905    0.9905    0.9948    0.7579   0.01915  0.003476         0
     25/59     3.16G   0.02574  0.006105         0   0.03184         8       640    0.9905    0.9857    0.9934    0.7368   0.01975  0.003502         0
     26/59     3.16G     0.024  0.005823         0   0.02982         5       640    0.9812    0.9905    0.9945    0.7249    0.0193    0.0035         0
     27/59     3.16G   0.02436   0.00604         0    0.0304        10       640    0.9905    0.9905     0.995    0.7363   0.01903  0.003469         0
     28/59     3.16G   0.02327  0.005901         0   0.02917         5       640    0.9903     0.981    0.9887    0.7513   0.01864  0.003415         0
     29/59     3.16G   0.02393  0.005965         0   0.02989        11       640    0.9905    0.9905    0.9931    0.7655   0.01833  0.003393         0
     30/59     3.16G   0.02242  0.005644         0   0.02806         6       640    0.9767    0.9953    0.9953     0.741   0.01981  0.003301         0
     31/59     3.16G   0.02222  0.005495         0   0.02772         4       640    0.9858    0.9858    0.9951    0.7131   0.02238   0.00334         0
     32/59     3.16G   0.02223   0.00556         0   0.02779         7       640    0.9813    0.9953     0.993    0.7559   0.01894  0.003327         0
     33/59     3.16G   0.02156  0.005662         0   0.02722         5       640    0.9812    0.9905    0.9938    0.7557   0.01875   0.00329         0
     34/59     3.16G   0.02164  0.005595         0   0.02723        10       640    0.9767    0.9953    0.9914    0.7396   0.01862  0.003283         0
     35/59     3.16G   0.02052  0.005223         0   0.02574        10       640    0.9857    0.9905    0.9937      0.75   0.01823   0.00321         0
     36/59     3.16G   0.02094  0.005248         0   0.02619         5       640    0.9905    0.9953    0.9945    0.7636   0.01745  0.003181         0
     37/59     3.16G    0.0205  0.005239         0   0.02574         9       640    0.9812    0.9905    0.9943    0.7624   0.01761  0.003295         0
     38/59     3.16G   0.02036  0.005386         0   0.02575        11       640    0.9812    0.9905    0.9936    0.7633   0.01785  0.003249         0
     39/59     3.16G   0.01983  0.005099         0   0.02493         8       640    0.9859    0.9953    0.9922    0.7577   0.01781    0.0032         0
     40/59     3.16G   0.01912  0.005119         0   0.02424         6       640    0.9858    0.9905    0.9919     0.759   0.01797  0.003136         0
     41/59     3.16G    0.0195  0.005045         0   0.02455         4       640    0.9813    0.9953    0.9933    0.7705    0.0177  0.003119         0
     42/59     3.16G   0.01878  0.005087         0   0.02387         5       640    0.9906    0.9952    0.9951    0.7488   0.01835  0.003128         0
     43/59     3.16G   0.01867  0.005065         0   0.02374         6       640    0.9859    0.9953    0.9915    0.7563   0.01728  0.003085         0
     44/59     3.16G   0.01815   0.00511         0   0.02326         8       640    0.9859    0.9953    0.9921    0.7605   0.01752  0.003143         0
     45/59     3.16G   0.01803  0.004796         0   0.02283         9       640    0.9813    0.9953    0.9935    0.7554   0.01795  0.003095         0
     46/59     3.16G     0.018  0.004816         0   0.02282        10       640    0.9906     0.995    0.9958    0.7603   0.01813  0.003093         0
     47/59     3.16G   0.01791  0.004879         0   0.02279         6       640    0.9905    0.9953    0.9934    0.7367   0.01933  0.003143         0
     48/59     3.16G   0.01801  0.004805         0   0.02282         6       640    0.9859    0.9952    0.9921    0.7638   0.01733  0.003053         0
     49/59     3.16G   0.01759  0.005157         0   0.02275        10       640    0.9859    0.9952    0.9938    0.7701   0.01756  0.003059         0
     50/59     3.16G   0.01705  0.004822         0   0.02188         9       640    0.9859    0.9952    0.9932    0.7665    0.0176  0.003052         0
     51/59     3.16G   0.01761   0.00469         0    0.0223         6       640    0.9858    0.9905    0.9941    0.7658   0.01751  0.003079         0
     52/59     3.16G   0.01669   0.00462         0   0.02131         9       640    0.9813    0.9952    0.9953    0.7658   0.01768  0.003066         0
     53/59     3.16G   0.01712  0.004658         0   0.02178         6       640    0.9859    0.9952    0.9943    0.7539   0.01792  0.003055         0
     54/59     3.16G   0.01672  0.004687         0   0.02141         8       640    0.9859    0.9953    0.9915    0.7694   0.01721   0.00304         0
     55/59     3.16G   0.01624  0.004543         0   0.02078         5       640    0.9859    0.9953    0.9937    0.7683   0.01775  0.003086         0
     56/59     3.16G   0.01643  0.004874         0    0.0213         7       640    0.9813    0.9952    0.9935     0.759   0.01758  0.003037         0
     57/59     3.16G   0.01636  0.004731         0   0.02109         7       640    0.9904    0.9905    0.9926    0.7598    0.0176  0.003042         0
     58/59     3.16G   0.01622  0.004762         0   0.02098        12       640    0.9859    0.9953    0.9926    0.7529   0.01828  0.003059         0
     59/59     3.16G   0.01618  0.004667         0   0.02084         8       640    0.9906    0.9953    0.9939    0.7548   0.01786  0.003021         0
